image: slam_run3.pgm
resolution: 0.05000000074505806
origin: [-7.059025195961348, -7.494334033104483, 0.0]
negate: 0
occupied_thresh: 0.65
free_thresh: 0.196
